3 4 5
6 8 10
9 12 15
12 16 20
15 20 25
18 24 30
20 21 29
21 28 35
24 32 40
27 36 45
30 40 50
33 44 55
36 48 60
39 52 65
40 42 58
42 56 70
45 60 75
48 64 80
51 68 85
54 72 90
57 76 95
60 63 87
60 80 100
63 84 105
66 88 110
69 92 115
72 96 120
75 100 125
78 104 130
80 84 116
81 108 135
84 112 140
87 116 145
90 120 150
93 124 155
96 128 160
99 132 165
100 105 145
102 136 170
105 140 175
108 144 180
111 148 185
114 152 190
117 156 195
119 120 169
120 126 174
120 160 200
123 164 205
126 168 210
129 172 215
132 176 220
135 180 225
138 184 230
140 147 203
141 188 235
144 192 240
147 196 245
150 200 250
153 204 255
156 208 260
159 212 265
160 168 232
162 216 270
165 220 275
168 224 280
171 228 285
174 232 290
177 236 295
180 189 261
180 240 300
183 244 305
186 248 310
189 252 315
192 256 320
195 260 325
198 264 330
200 210 290
201 268 335
204 272 340
207 276 345
210 280 350
213 284 355
216 288 360
219 292 365
220 231 319
222 296 370
225 300 375
228 304 380
231 308 385
234 312 390
237 316 395
238 240 338
240 252 348
240 320 400
243 324 405
246 328 410
249 332 415
252 336 420
255 340 425
258 344 430
260 273 377
261 348 435
264 352 440
267 356 445
270 360 450
273 364 455
276 368 460
279 372 465
280 294 406
282 376 470
285 380 475
288 384 480
291 388 485
294 392 490
297 396 495
300 315 435
300 400 500
303 404 505
306 408 510
309 412 515
312 416 520
315 420 525
318 424 530
320 336 464
321 428 535
324 432 540
327 436 545
330 440 550
333 444 555
336 448 560
339 452 565
340 357 493
342 456 570
345 460 575
348 464 580
351 468 585
354 472 590
357 360 507
357 476 595
360 378 522
360 480 600
363 484 605
366 488 610
369 492 615
372 496 620
375 500 625
378 504 630
380 399 551
381 508 635
384 512 640
387 516 645
390 520 650
393 524 655
396 528 660
399 532 665
400 420 580
402 536 670
405 540 675
408 544 680
411 548 685
414 552 690
417 556 695
420 441 609
420 560 700
423 564 705
426 568 710
429 572 715
432 576 720
435 580 725
438 584 730
440 462 638
441 588 735
444 592 740
447 596 745
450 600 750
453 604 755
456 608 760
459 612 765
460 483 667
462 616 770
465 620 775
468 624 780
471 628 785
474 632 790
476 480 676
477 636 795
480 504 696
480 640 800
483 644 805
486 648 810
489 652 815
492 656 820
495 660 825
498 664 830
500 525 725
501 668 835
504 672 840
507 676 845
510 680 850
513 684 855
516 688 860
519 692 865
520 546 754
522 696 870
525 700 875
528 704 880
531 708 885
534 712 890
537 716 895
540 567 783
540 720 900
543 724 905
546 728 910
549 732 915
552 736 920
555 740 925
558 744 930
560 588 812
561 748 935
564 752 940
567 756 945
570 760 950
573 764 955
576 768 960
579 772 965
580 609 841
582 776 970
585 780 975
588 784 980
591 788 985
594 792 990
595 600 845
597 796 995
600 630 870
620 651 899
640 672 928
660 693 957
680 714 986
696 697 985
239
Number of primitive triplets: 3
3 4 5 199
20 21 29 34
119 120 169 5
238
